[gd_scene load_steps=4 format=2]

[ext_resource path="res://dream1/treeLibrary.glb" type="PackedScene" id=1]

[sub_resource type="BoxShape" id=1]
extents = Vector3( 4.7651, 1, 5.69956 )

[sub_resource type="BoxShape" id=2]
extents = Vector3( 0.543561, 3.852, 26.5027 )

[node name="treeLibrary" instance=ExtResource( 1 )]
transform = Transform( 0.9, 0, 0, 0, 0.9, 0, 0, 0, 0.9, 0, 0, 0 )

[node name="bridgeCol1" type="StaticBody" parent="." index="55"]
transform = Transform( 1, 0, 0, 0, 1, 0, 0, 0, 1, 52.6146, -0.0823148, 69.6172 )

[node name="CollisionShape" type="CollisionShape" parent="bridgeCol1" index="0"]
transform = Transform( 1, 0, 0, 0, 0.968388, 0.249451, 0, -0.249451, 0.968388, 9.42118, -0.163871, -22.9231 )
shape = SubResource( 1 )

[node name="CollisionShape3" type="CollisionShape" parent="bridgeCol1" index="1"]
transform = Transform( 1, 0, 0, 0, 0.999953, -0.00968643, 0, 0.0138674, 1.43156, 9.42118, 2.66142, -1.17617 )
shape = SubResource( 1 )

[node name="CollisionShape2" type="CollisionShape" parent="bridgeCol1" index="2"]
transform = Transform( 1, 0, 0, 0, 0.986805, 0.161914, 0, -0.131301, 0.800231, 9.42118, 1.91866, -13.5626 )
shape = SubResource( 1 )

[node name="CollisionShape4" type="CollisionShape" parent="bridgeCol1" index="3"]
transform = Transform( -1, 2.18077e-08, -8.46591e-08, 0, 0.968388, 0.249451, 8.74228e-08, 0.249451, -0.968388, 9.42118, -0.163871, 20.7116 )
shape = SubResource( 1 )

[node name="CollisionShape5" type="CollisionShape" parent="bridgeCol1" index="4"]
transform = Transform( -1, 1.14787e-08, -6.99584e-08, 0, 0.986805, 0.161914, 8.74228e-08, 0.131301, -0.800231, 9.42118, 1.91866, 11.3511 )
shape = SubResource( 1 )

[node name="wallL" type="CollisionShape" parent="bridgeCol1" index="5"]
transform = Transform( 1, 0, 0, 0, 1, 0, 0, 0, 1, 3.61973, 3.98199, -1.41383 )
shape = SubResource( 2 )

[node name="wallR" type="CollisionShape" parent="bridgeCol1" index="6"]
transform = Transform( 1, 0, 0, 0, 1, 0, 0, 0, 1, 13.9652, 3.98199, -1.41383 )
shape = SubResource( 2 )

[node name="bridgeCol2" type="StaticBody" parent="." index="56"]
transform = Transform( 1, 0, 0, 0, 1, 0, 0, 0, 1, 100.588, -0.39332, -43.7752 )

[node name="CollisionShape" type="CollisionShape" parent="bridgeCol2" index="0"]
transform = Transform( 1, 0, 0, 0, 0.968388, 0.249451, 0, -0.249451, 0.968388, 9.42118, -0.163871, -22.9231 )
shape = SubResource( 1 )

[node name="CollisionShape3" type="CollisionShape" parent="bridgeCol2" index="1"]
transform = Transform( 1, 0, 0, 0, 0.999953, -0.00968643, 0, 0.0138674, 1.43156, 9.42117, 2.72972, -1.17617 )
shape = SubResource( 1 )

[node name="CollisionShape2" type="CollisionShape" parent="bridgeCol2" index="2"]
transform = Transform( 1, 0, 0, 0, 0.986805, 0.161914, 0, -0.131301, 0.800231, 9.42118, 1.91866, -13.5626 )
shape = SubResource( 1 )

[node name="CollisionShape4" type="CollisionShape" parent="bridgeCol2" index="3"]
transform = Transform( -1, 2.18077e-08, -8.46591e-08, 0, 0.968388, 0.249451, 8.74228e-08, 0.249451, -0.968388, 9.42118, -0.163871, 20.7116 )
shape = SubResource( 1 )

[node name="CollisionShape5" type="CollisionShape" parent="bridgeCol2" index="4"]
transform = Transform( -1, 1.14787e-08, -6.99584e-08, 2.85429e-09, 0.990566, 0.135701, 8.73762e-08, 0.0990125, -0.805091, 9.42117, 1.91866, 11.3511 )
shape = SubResource( 1 )

[node name="wallL" type="CollisionShape" parent="bridgeCol2" index="5"]
transform = Transform( 1, 0, 0, 0, 1, 0, 0, 0, 1, 3.61973, 3.98199, -1.41383 )
shape = SubResource( 2 )

[node name="wallR" type="CollisionShape" parent="bridgeCol2" index="6"]
transform = Transform( 1, 0, 0, 0, 1, 0, 0, 0, 1, 13.9652, 3.98199, -1.41383 )
shape = SubResource( 2 )
